1  6059 45272 5.1e-07 4.7e-07 7.28e-07 9.16e-07
2  5342 31736 3.45e-07 3.7e-07 7.24e-07 9.29e-07
3  1797 21098 3.21e-07 3.79e-07 5.95e-07 9.13e-07
4  8591 5417 3.34e-07 3.63e-07 6.63e-07 5.44e-07
5  6433 12023 3.65e-07 3.78e-07 5.93e-07 7.1e-07
6  8084 72447 2.78e-07 2.99e-07 6.68e-07 6.81e-07
7  8869 14622 3.18e-07 2.94e-07 4.81e-07 6.01e-07
8  5299 28804 3.6e-07 3.92e-07 5.32e-07 6.62e-07
9  9065 45283 2.22e-07 2.2e-07 5.27e-07 6.26e-07
10  5920 46327 3.79e-07 4.94e-07 5.45e-07 7.68e-07
11  377 46507 2.88e-07 3.36e-07 5.3e-07 5.93e-07
12  8691 47486 2.74e-07 3.3e-07 5.94e-07 7.46e-07
13  3529 24299 3.38e-07 2.89e-07 5.57e-07 6.19e-07
14  9341 59815 2.61e-07 2.76e-07 5.64e-07 6.79e-07
15  7635 62709 2.99e-07 3.59e-07 4.86e-07 6.33e-07
16  8019 63513 2.74e-07 3.37e-07 3.67e-07 5.01e-07
17  2246 43112 2.81e-07 3.08e-07 5.06e-07 5.63e-07
18  6586 30635 2.77e-07 2.63e-07 4.92e-07 6.41e-07
19  25 63868 2.34e-07 2.45e-07 4.79e-07 6.39e-07
20  585 73584 2.78e-07 3.01e-07 3.6e-07 4.61e-07
21  4564 53424 2.25e-07 2.69e-07 4.24e-07 4.48e-07
22  2719 30326 3e-07 3.27e-07 4.72e-07 5.01e-07
23  6368 55379 4.41e-07 4.45e-07 5.26e-07 7.06e-07
24  5105 14992 2.76e-07 3e-07 5.81e-07 6.08e-07
25  9402 55671 2.68e-07 2.62e-07 5.33e-07 5.33e-07
26  6880 60731 3.34e-07 4.36e-07 5.41e-07 6.24e-07
27  6125 36547 2.34e-07 2.49e-07 4.75e-07 4.61e-07
28  9273 35077 3.83e-07 3.9e-07 5.61e-07 6.99e-07
29  3508 28426 2.52e-07 2.77e-07 6.02e-07 6.26e-07
30  350 35327 2.58e-07 2.76e-07 4.34e-07 5.92e-07
31  651 12544 2.58e-07 2.78e-07 3.06e-07 3.77e-07
32  5914 5506 1.96e-07 2.03e-07 5.77e-07 5.93e-07
33  3887 17282 2.69e-07 2.98e-07 6.01e-07 6.03e-07
34  9098 23062 2.94e-07 3.58e-07 5.99e-07 5.77e-07
35  9834 72193 2.49e-07 2.76e-07 4.75e-07 5.07e-07
36  2527 26626 2.23e-07 2.21e-07 5.01e-07 5.39e-07
37  9430 65871 2.25e-07 2.23e-07 5.08e-07 6.03e-07
38  8909 51 1.87e-07 2.01e-07 4.21e-07 4.99e-07
39  5422 19277 2.94e-07 3.28e-07 6.04e-07 5.46e-07
40  2307 28302 3.03e-07 3.28e-07 4.18e-07 4.88e-07
41  7196 42752 2.36e-07 2.47e-07 5.64e-07 7.09e-07
42  5680 17126 1.83e-07 1.98e-07 5.51e-07 6.71e-07
43  5836 3639 2.89e-07 3.19e-07 5.55e-07 5.19e-07
44  4052 26534 2.31e-07 2.77e-07 4.97e-07 6.15e-07
45  5723 50290 3.87e-07 4.39e-07 5.37e-07 6.31e-07
46  1564 9590 2.78e-07 3.01e-07 4.54e-07 5.92e-07
47  4929 47090 3.3e-07 3.59e-07 5.59e-07 5.61e-07
48  349 21686 2.52e-07 2.43e-07 4.79e-07 5.88e-07
49  1056 51237 2.12e-07 2.27e-07 3.81e-07 6.31e-07
50  4885 15108 3.5e-07 4.1e-07 5.12e-07 5.37e-07
51  207 27783 2.25e-07 2.18e-07 3.94e-07 4.39e-07
52  7444 55435 3.23e-07 3.78e-07 5.7e-07 6.9e-07
53  4816 18686 2.16e-07 2.25e-07 4.59e-07 6.43e-07
54  5433 38099 2.59e-07 2.76e-07 5.95e-07 7.24e-07
55  2523 36919 3.48e-07 3.96e-07 5.83e-07 5.73e-07
56  7218 16107 2.85e-07 3.08e-07 4.61e-07 6.24e-07
57  9085 58628 3.23e-07 3.21e-07 6.5e-07 7.33e-07
58  4117 45360 2.41e-07 2.54e-07 4.88e-07 6.64e-07
59  1086 51826 3.12e-07 3.3e-07 5.05e-07 5.73e-07
60  5343 60723 2.67e-07 2.79e-07 3.18e-07 3.7e-07
61  3650 3340 2.25e-07 2.29e-07 4.01e-07 3.79e-07
62  4262 51341 3.34e-07 3.87e-07 5.79e-07 6.46e-07
63  5464 68605 2.86e-07 2.96e-07 5.86e-07 6.05e-07
64  8473 1193 2.42e-07 2.51e-07 5.81e-07 5.83e-07
65  5137 4164 3.63e-07 3.61e-07 4.54e-07 6.26e-07
66  9567 32856 3.12e-07 3.27e-07 4.32e-07 4.99e-07
67  1847 41230 2.4e-07 2.45e-07 5.06e-07 6.95e-07
68  6060 28796 2.6e-07 2.01e-07 5.5e-07 6.24e-07
69  4441 46972 2.94e-07 3.34e-07 5.35e-07 5.9e-07
70  9058 64271 2.41e-07 2.47e-07 5.55e-07 7.04e-07
71  1390 36490 1.98e-07 1.98e-07 4.23e-07 4.61e-07
72  7761 66757 3.2e-07 4.12e-07 5.61e-07 7.13e-07
73  2409 16805 2.83e-07 2.94e-07 4.92e-07 4.68e-07
74  6474 43775 3e-07 3.59e-07 6.04e-07 5.57e-07
75  45 53597 1.94e-07 1.72e-07 3.81e-07 5.66e-07
76  304 73942 2.43e-07 2.47e-07 4.7e-07 6.15e-07
77  880 78006 2.7e-07 3.07e-07 4.28e-07 6.51e-07
78  3352 27367 2.25e-07 2.18e-07 4.86e-07 6.29e-07
79  257 4698 2.41e-07 2.48e-07 3.92e-07 4.28e-07
80  5021 56036 3e-07 3.05e-07 6.35e-07 6.42e-07
81  6260 11251 2.85e-07 2.94e-07 5.05e-07 6.28e-07
82  2896 7200 2.22e-07 2.52e-07 4.1e-07 4.61e-07
83  3755 377 1.74e-07 2.18e-07 4.97e-07 6.19e-07
84  6928 15593 2.83e-07 3.27e-07 5.9e-07 6.41e-07
85  2607 6086 2.07e-07 2.47e-07 4.32e-07 6.06e-07
86  7317 34434 2.78e-07 2.78e-07 3.59e-07 4.41e-07
87  5497 240 2.43e-07 2.2e-07 4.3e-07 5.92e-07
88  5551 24084 2.45e-07 2.47e-07 4.81e-07 5.28e-07
89  8033 19698 4.17e-07 4.95e-07 5.18e-07 5.75e-07
90  1401 52066 2.34e-07 2.25e-07 4.43e-07 5.62e-07
91  5998 75552 2.72e-07 2.81e-07 4.92e-07 6.68e-07
92  2852 50231 4.09e-07 5.21e-07 5.05e-07 5.64e-07
93  8430 57680 2.47e-07 2.81e-07 4.99e-07 5.55e-07
94  4301 26556 2.65e-07 3.12e-07 4.95e-07 5.68e-07
95  9108 72549 2.5e-07 2.83e-07 4.61e-07 5.68e-07
96  6239 54436 3.1e-07 4.12e-07 5.06e-07 6.72e-07
97  6067 74679 2.83e-07 3.45e-07 5.01e-07 5.72e-07
98  4553 39477 2.41e-07 2.78e-07 4.46e-07 6.28e-07
99  248 827 1.87e-07 2.03e-07 4.32e-07 4.56e-07
100  9096 25599 3.17e-07 3.67e-07 4.78e-07 5.46e-07
101  703 54933 2.05e-07 2.23e-07 4.95e-07 5.34e-07
102  7932 15879 1.88e-07 2.05e-07 5.28e-07 5.79e-07
103  2567 64420 2.74e-07 3.12e-07 5.41e-07 5.9e-07
104  4106 38608 2.49e-07 2.8e-07 4.41e-07 6.75e-07
105  8743 11018 2.69e-07 3.15e-07 4.79e-07 4.17e-07
106  9756 60607 3.14e-07 3.66e-07 5.15e-07 6.64e-07
107  9370 39876 2.52e-07 2.83e-07 4.86e-07 6.95e-07
108  2696 63322 2.07e-07 2.23e-07 5.8e-07 6.53e-07
109  969 74826 2.74e-07 3.17e-07 4.03e-07 5.59e-07
110  7565 63130 3.17e-07 3.72e-07 4.81e-07 6.7e-07
111  7398 58860 2.3e-07 2.23e-07 3.99e-07 3.99e-07
112  6522 20760 2.3e-07 2.54e-07 4.06e-07 4.57e-07
113  4017 2396 2.63e-07 2.8e-07 4.28e-07 4.5e-07
114  4364 14984 2.76e-07 3.12e-07 4.58e-07 6.08e-07
115  5793 18501 2.74e-07 3.12e-07 4.79e-07 5.33e-07
116  8200 56527 2.72e-07 3.16e-07 6.64e-07 6.5e-07
117  949 67008 3.23e-07 4.23e-07 4.9e-07 6.57e-07
118  3774 14996 2.67e-07 3.05e-07 4.9e-07 4.64e-07
119  2849 15564 2.2e-07 2.58e-07 4.61e-07 4.9e-07
120  5194 21934 2.5e-07 2.32e-07 5.26e-07 5.99e-07
121  4465 47472 4.05e-07 5.26e-07 5.24e-07 6.48e-07
122  6331 16347 3.05e-07 3.94e-07 4.76e-07 5.84e-07
123  793 79768 2.49e-07 2.8e-07 3.27e-07 3.99e-07
124  3792 8099 2.43e-07 2.78e-07 4.7e-07 5.44e-07
125  8182 55936 2.99e-07 3.45e-07 5.84e-07 7.57e-07
126  2917 11553 2.92e-07 3.3e-07 4.52e-07 4.69e-07
127  6239 11988 3.05e-07 3.23e-07 4.45e-07 6.7e-07
128  1200 54725 2.3e-07 2.5e-07 3.67e-07 4.72e-07
129  3750 12549 2.49e-07 2.83e-07 4.9e-07 5.59e-07
130  5599 47193 2.47e-07 2.78e-07 5.86e-07 7.46e-07
131  101 59878 2.47e-07 2.81e-07 4.86e-07 5.46e-07
132  7117 7678 2.05e-07 2.52e-07 3.95e-07 4.15e-07
133  2086 79321 2.25e-07 2.81e-07 5.92e-07 5.81e-07
134  6724 1506 2.45e-07 2.29e-07 5.63e-07 5.5e-07
135  9850 59473 2.19e-07 2.28e-07 4.86e-07 5.7e-07
136  7605 7857 2.05e-07 2.52e-07 3.67e-07 4.38e-07
137  102 72371 2.05e-07 2.27e-07 4.52e-07 5.46e-07
138  1386 682 1.56e-07 1.53e-07 3.36e-07 3.48e-07
139  5120 70263 4.06e-07 4.77e-07 5.7e-07 7.82e-07
140  3736 49927 2.27e-07 2.19e-07 5.14e-07 5.74e-07
141  6534 46400 2.96e-07 3.41e-07 5.15e-07 6.59e-07
142  9959 64189 3.36e-07 3.85e-07 5.61e-07 6.69e-07
143  8250 13792 2.25e-07 2.6e-07 5.23e-07 5.5e-07
144  4106 39163 2.2e-07 2.81e-07 4.79e-07 6.64e-07
145  7801 58208 2.18e-07 2.27e-07 4.88e-07 5.93e-07
146  3700 23781 2.9e-07 3.3e-07 5.19e-07 5.01e-07
147  5661 13270 3.28e-07 3.58e-07 4.81e-07 4.74e-07
148  1109 68166 2.9e-07 2.48e-07 4.01e-07 7.15e-07
149  3865 37328 2.74e-07 3.37e-07 5.81e-07 6.12e-07
150  4840 73866 3.16e-07 3.63e-07 4.85e-07 7.66e-07
151  1907 59503 2.92e-07 3.36e-07 5.31e-07 6.86e-07
152  187 26939 1.76e-07 1.78e-07 2.81e-07 3.54e-07
153  8538 72317 2.96e-07 3.34e-07 4.23e-07 5.88e-07
154  3984 27206 2.91e-07 3.31e-07 4.52e-07 6.79e-07
155  6751 2793 2.42e-07 2.79e-07 5.24e-07 4.46e-07
156  8037 11971 2.71e-07 3.1e-07 5.5e-07 5.74e-07
157  5452 25002 3.14e-07 3.25e-07 5.46e-07 6.13e-07
158  8215 10777 2.99e-07 3.38e-07 5.24e-07 5.28e-07
159  1310 1463 3.1e-07 2.47e-07 4.32e-07 4.86e-07
160  8937 31525 3.14e-07 3.66e-07 6.39e-07 5.61e-07
161  4183 39491 3.09e-07 3.18e-07 5.12e-07 6.08e-07
162  8091 64147 2.65e-07 3.07e-07 6.33e-07 6.64e-07
163  5611 69960 2.67e-07 3.05e-07 5.08e-07 7.06e-07
164  828 31742 2.3e-07 2.38e-07 4.81e-07 5.7e-07
165  9190 8373 2.43e-07 2.49e-07 5.75e-07 5.92e-07
166  4269 27282 3.1e-07 3.81e-07 4.59e-07 4.97e-07
167  9192 73720 2.2e-07 2.01e-07 6.19e-07 7.13e-07
168  4185 6139 2.2e-07 2.78e-07 5.43e-07 6.84e-07
169  7108 48234 2.98e-07 3.29e-07 5.41e-07 7.2e-07
170  2465 31809 2.3e-07 2.47e-07 5.72e-07 5.44e-07
171  6967 76869 1.78e-07 2e-07 5.08e-07 6.33e-07
172  9301 3415 3.63e-07 3.3e-07 4.93e-07 5.5e-07
173  654 6331 3.07e-07 2.96e-07 4.61e-07 5.77e-07
174  9356 27055 2.63e-07 2.96e-07 5.57e-07 7.37e-07
175  913 30523 2.88e-07 3.25e-07 4.94e-07 6.77e-07
176  2154 33856 2.89e-07 3.27e-07 4.79e-07 6.37e-07
177  2007 276 1.61e-07 2e-07 3.68e-07 4.14e-07
178  6020 9165 3.14e-07 3.25e-07 3.65e-07 5.01e-07
179  1602 53509 2.65e-07 2.94e-07 5.19e-07 5.74e-07
180  8173 718 2.72e-07 2.81e-07 4.75e-07 6.24e-07
181  3594 32905 2.23e-07 2.54e-07 4.95e-07 5.48e-07
182  4046 16148 2.47e-07 2.79e-07 5.79e-07 5.9e-07
183  7977 65417 2.72e-07 3.03e-07 4.48e-07 6.9e-07
184  1594 42246 2.04e-07 2.21e-07 5.55e-07 7.06e-07
185  8557 5217 3.3e-07 4.15e-07 5.63e-07 6.57e-07
186  1100 67873 2.71e-07 2.99e-07 5.76e-07 6.65e-07
187  5640 4226 2.32e-07 2.58e-07 4.68e-07 6.95e-07
188  99 70347 2.29e-07 2.45e-07 4.14e-07 4.96e-07
189  7915 68676 2.71e-07 3.05e-07 6.28e-07 5.97e-07
190  9339 1546 2.3e-07 2.49e-07 5.79e-07 5.24e-07
191  8827 42371 1.87e-07 1.98e-07 5.12e-07 5.1e-07
192  3924 55602 2.05e-07 2.25e-07 3.81e-07 4.7e-07
193  3895 36599 2.83e-07 3.59e-07 5.77e-07 6.98e-07
194  9531 16078 2.72e-07 3.03e-07 5.9e-07 5.77e-07
195  8949 72066 2.29e-07 2.54e-07 5.16e-07 6.74e-07
196  8448 38380 2.45e-07 2.45e-07 4.86e-07 7.86e-07
197  1222 27991 2.41e-07 2.5e-07 5.19e-07 5.88e-07
198  6408 1180 1.83e-07 1.98e-07 5.62e-07 4.94e-07
199  2882 26400 1.87e-07 1.53e-07 3.89e-07 4.48e-07
200  6441 30253 2.83e-07 3.5e-07 5.1e-07 6.13e-07
201  4218 20677 2.83e-07 3.49e-07 5.16e-07 5.17e-07
202  9120 16898 3.54e-07 3.95e-07 5.21e-07 6.59e-07
203  7941 9413 2.88e-07 2.67e-07 3.92e-07 6.17e-07
204  8311 35460 2.29e-07 2.45e-07 5.1e-07 6.2e-07
205  9754 7840 2.08e-07 2.29e-07 5.32e-07 6.58e-07
206  5761 63677 2.68e-07 2.69e-07 5.45e-07 6.5e-07
207  1298 55604 2.47e-07 2.78e-07 4.88e-07 6.48e-07
208  491 12858 2.03e-07 2.25e-07 4.18e-07 4.27e-07
209  1786 70436 2.7e-07 2.65e-07 5.3e-07 6.08e-07
210  2849 68701 3.41e-07 3.66e-07 5.81e-07 5.75e-07
211  8803 12122 2.79e-07 2.74e-07 5.59e-07 5.72e-07
212  4357 53862 3.34e-07 3.85e-07 4.81e-07 6.15e-07
213  5947 47998 2.83e-07 3e-07 4.32e-07 6.06e-07
214  1381 36716 2.81e-07 2.63e-07 4.56e-07 5.55e-07
215  923 1663 2.41e-07 2.47e-07 3.85e-07 4.56e-07
216  2425 9209 3.49e-07 3.88e-07 4.59e-07 5.65e-07
217  6441 5094 3.25e-07 3.54e-07 3.83e-07 4.03e-07
218  6078 30438 2.43e-07 2.48e-07 3.34e-07 4.48e-07
219  1842 16546 2.54e-07 2.79e-07 4.27e-07 4.3e-07
220  1314 42181 2.27e-07 2.47e-07 5.12e-07 5.59e-07
221  4194 69295 3.43e-07 3.52e-07 5.28e-07 6.08e-07
222  2332 74598 2.36e-07 2.49e-07 5.17e-07 6.14e-07
223  7840 31526 2.63e-07 2.78e-07 6.03e-07 6.88e-07
224  1765 6685 2.78e-07 3.01e-07 3.61e-07 3.9e-07
225  2845 65977 2.07e-07 2.23e-07 5.65e-07 6.1e-07
226  1439 67658 2.58e-07 2.76e-07 5.15e-07 6.57e-07
227  8068 68856 2.76e-07 3.07e-07 5.1e-07 5.84e-07
228  2752 21406 2.78e-07 3.1e-07 4.48e-07 5.52e-07
229  8718 62951 2.71e-07 2.7e-07 6.32e-07 7.41e-07
230  5001 77641 2.76e-07 3.05e-07 5.08e-07 6.32e-07
231  1955 28287 2.72e-07 2.69e-07 4.5e-07 5.39e-07
232  5861 53345 2.34e-07 2.43e-07 5.41e-07 6.04e-07
233  1127 16152 2.16e-07 2.18e-07 5.64e-07 5.66e-07
234  3856 77475 2.27e-07 2.45e-07 6.03e-07 7.55e-07
235  8485 36071 3.36e-07 3.43e-07 5.94e-07 5.92e-07
236  6723 40280 2.74e-07 2.99e-07 5.01e-07 6.7e-07
237  4403 48708 2.09e-07 2.25e-07 5.23e-07 6.06e-07
238  9250 19848 2.36e-07 2.54e-07 5.21e-07 6.31e-07
239  1879 71918 3.12e-07 3.52e-07 5.59e-07 6e-07
240  4026 5389 2.98e-07 2.92e-07 5.55e-07 5.57e-07
241  8865 5114 2.94e-07 3.32e-07 5.7e-07 5.56e-07
242  8530 39187 2.65e-07 2.7e-07 5.06e-07 7.73e-07
243  3419 955 2.92e-07 3.57e-07 4.39e-07 6.01e-07
244  3104 77214 2.25e-07 2.25e-07 5.46e-07 6.43e-07
245  6494 21911 2.76e-07 2.98e-07 5.16e-07 5.97e-07
246  2856 14911 2.54e-07 2.76e-07 5.64e-07 6.41e-07
247  7688 64900 3.16e-07 3.72e-07 6.24e-07 7.57e-07
248  9002 49969 3.14e-07 2.91e-07 6.17e-07 6.1e-07
249  1733 72039 2.52e-07 2.76e-07 4.94e-07 6.24e-07
250  3942 140 1.93e-07 1.98e-07 3.83e-07 4.93e-07
251  185 70294 2.13e-07 2.27e-07 5.37e-07 6.77e-07
252  3975 3060 2.12e-07 2.29e-07 3.76e-07 3.85e-07
253  799 24883 1.78e-07 1.69e-07 4.57e-07 5.32e-07
254  8989 5624 3.15e-07 3.23e-07 4.79e-07 6e-07
255  7476 32638 3.55e-07 3.81e-07 5.46e-07 6.53e-07
256  9560 41085 2.78e-07 2.98e-07 4.97e-07 5.34e-07
257  636 50451 2.12e-07 2.19e-07 4.85e-07 6.02e-07
258  3272 14917 3.96e-07 4.92e-07 4.81e-07 5.65e-07
259  449 27256 2.76e-07 2.96e-07 4.61e-07 5.22e-07
260  8350 18507 3.55e-07 3.19e-07 5.24e-07 6.06e-07
261  5559 70181 3.2e-07 3.5e-07 5.66e-07 8.13e-07
262  6470 65755 2.54e-07 2.79e-07 5.42e-07 4.77e-07
263  1000 21674 2.56e-07 2.78e-07 5.27e-07 6.08e-07
264  4218 22521 2.36e-07 2.48e-07 4.19e-07 5.08e-07
265  9408 49557 3.32e-07 3.19e-07 4.5e-07 6.49e-07
266  5109 71408 2.76e-07 2.98e-07 5.61e-07 6.1e-07
267  8826 29473 3.01e-07 3.25e-07 4.96e-07 5.7e-07
268  6339 45241 2.31e-07 2.47e-07 5.47e-07 7.49e-07
269  4465 572 2.56e-07 2.56e-07 4.34e-07 4.29e-07
270  4460 37547 2.76e-07 2.98e-07 6.24e-07 5.97e-07
271  498 45073 2.74e-07 3.03e-07 5.03e-07 5.44e-07
272  8281 54157 3.78e-07 4.36e-07 5.3e-07 5.37e-07
273  4266 62100 2.34e-07 2.56e-07 3.4e-07 4.57e-07
274  8427 50125 2.94e-07 3.25e-07 5.77e-07 6.66e-07
275  85 47596 1.83e-07 1.96e-07 3.77e-07 5.59e-07
276  3816 41717 2.76e-07 2.96e-07 5.43e-07 5.95e-07
277  138 68441 2.25e-07 2.47e-07 4.14e-07 6.06e-07
278  2126 76051 3.84e-07 4.03e-07 4.52e-07 6.81e-07
279  6837 29584 1.92e-07 1.98e-07 3.88e-07 3.67e-07
280  7108 70217 2.79e-07 3.03e-07 5.19e-07 7.08e-07
281  4504 7623 2.99e-07 3.61e-07 4.39e-07 4.72e-07
282  9074 22185 2.1e-07 2.25e-07 5.44e-07 6.59e-07
283  2378 39288 2.77e-07 3.05e-07 4.57e-07 6.01e-07
284  5111 57843 3.63e-07 4.03e-07 6.42e-07 6.63e-07
285  1817 21485 2.94e-07 3.27e-07 4.12e-07 5.19e-07
286  8784 56265 2.11e-07 2.25e-07 4.41e-07 5.55e-07
287  5748 77217 2.78e-07 3.07e-07 4.87e-07 6.57e-07
288  5607 65277 3.19e-07 3.57e-07 4.05e-07 4.43e-07
289  1852 2690 2.54e-07 2.79e-07 4.66e-07 4.46e-07
290  6887 35061 1.89e-07 1.76e-07 4.45e-07 6.1e-07
291  2966 7228 2.69e-07 3.07e-07 4.44e-07 5.18e-07
292  817 71257 3.01e-07 3.3e-07 5.59e-07 6.14e-07
293  3147 70639 3.14e-07 3.63e-07 6.1e-07 8.53e-07
294  6400 52173 3.74e-07 4.53e-07 5.33e-07 6.66e-07
295  9288 52269 3.1e-07 3.54e-07 4.39e-07 4.99e-07
296  8385 19363 3.43e-07 3.83e-07 5.64e-07 6.72e-07
297  6803 70404 3.18e-07 3.56e-07 5.75e-07 6.34e-07
298  8200 63379 2.72e-07 2.94e-07 4.81e-07 6.02e-07
299  3948 12169 2.72e-07 3.01e-07 4.96e-07 5.73e-07
300  6025 52746 2.96e-07 3.25e-07 6.01e-07 6.41e-07
301  5039 39805 2.87e-07 3.32e-07 5.57e-07 6.08e-07
302  1316 3408 2.49e-07 2.74e-07 4.5e-07 4.65e-07
303  5109 42627 2.05e-07 2.2e-07 3.32e-07 3.47e-07
304  2957 62728 2.96e-07 3.31e-07 5.42e-07 6.35e-07
305  2035 7281 2.89e-07 3.28e-07 4.9e-07 6.42e-07
306  9978 61994 2.72e-07 3.07e-07 4.85e-07 6.3e-07
307  2705 60957 3.08e-07 3.79e-07 5.14e-07 6.35e-07
308  9185 56568 2.72e-07 3.03e-07 4.66e-07 4.88e-07
309  4817 70143 3.67e-07 5.02e-07 4.86e-07 6.22e-07
310  6914 71819 3.84e-07 4.37e-07 5.41e-07 7.21e-07
311  1250 54324 2.74e-07 3.09e-07 5.77e-07 7.44e-07
312  8974 68693 3.56e-07 4.14e-07 6.17e-07 6.75e-07
313  4914 35925 3.08e-07 3.63e-07 4.75e-07 5.55e-07
314  7234 57614 2.29e-07 2.47e-07 5.5e-07 6.5e-07
315  2641 76487 2.63e-07 3.05e-07 5.1e-07 7.04e-07
316  7864 64945 3.27e-07 3.43e-07 5.12e-07 6.48e-07
317  224 25760 1.4e-07 1.25e-07 3.45e-07 4.75e-07
318  9545 56509 3.3e-07 4.37e-07 5.53e-07 7.35e-07
319  7182 40232 3.08e-07 3.5e-07 4.97e-07 5.5e-07
320  3372 63290 2.31e-07 2.5e-07 5.75e-07 6.82e-07
321  5582 23415 2.96e-07 3.29e-07 5.79e-07 6.37e-07
322  6377 28412 2.96e-07 3.25e-07 5.68e-07 4.85e-07
323  6302 48118 3.45e-07 3.68e-07 5.25e-07 5.56e-07
324  4138 55968 2.88e-07 2.98e-07 4.68e-07 7.04e-07
325  3303 16914 2.67e-07 2.78e-07 4.92e-07 5.03e-07
326  6301 47061 3.66e-07 3.21e-07 5.7e-07 5.96e-07
327  8508 25357 2.89e-07 2.97e-07 4.98e-07 6.34e-07
328  3685 19161 1.98e-07 1.96e-07 3.66e-07 6e-07
329  2447 71020 2.18e-07 2.25e-07 4.67e-07 5.45e-07
330  4440 12572 3.01e-07 3.37e-07 5.08e-07 5.92e-07
331  6335 73525 3.14e-07 3.59e-07 4.48e-07 5.82e-07
332  3846 6993 2.23e-07 2.47e-07 3.74e-07 4.81e-07
333  2562 32259 3.14e-07 3.49e-07 5.17e-07 5.79e-07
334  2970 54062 2.05e-07 2.2e-07 4.79e-07 6.22e-07
335  9128 69128 2.72e-07 3.05e-07 5.06e-07 5.16e-07
336  1118 6394 3.26e-07 3.21e-07 4.76e-07 4.43e-07
337  1849 65829 2.69e-07 3.03e-07 5.97e-07 7.13e-07
338  2996 110 1.79e-07 1.74e-07 3.66e-07 4.09e-07
339  4135 22981 2.7e-07 3.01e-07 4.88e-07 5.35e-07
340  347 55402 2.43e-07 2.76e-07 5.17e-07 7.28e-07
341  1422 7058 2.23e-07 2.47e-07 4.23e-07 5.21e-07
342  4149 14328 2.29e-07 2.47e-07 4.21e-07 4.61e-07
343  1921 41412 2.47e-07 2.71e-07 4.26e-07 4.37e-07
344  5508 76893 2.71e-07 2.97e-07 6.06e-07 5.32e-07
345  909 76655 2.03e-07 2.25e-07 5.33e-07 6.04e-07
346  1613 19937 3.25e-07 3.48e-07 4.61e-07 4.99e-07
347  4409 36566 2.65e-07 3.05e-07 5.01e-07 6.28e-07
348  5960 72659 3.05e-07 3.55e-07 5.56e-07 7.22e-07
349  1006 73627 2.03e-07 2.21e-07 5.1e-07 5.99e-07
350  8873 27706 2.21e-07 2.47e-07 4.85e-07 5.91e-07
351  7430 4071 3.16e-07 2.92e-07 4.85e-07 5.5e-07
352  5923 41688 2.23e-07 2.47e-07 5.15e-07 5.45e-07
353  8565 68906 2.27e-07 2.45e-07 4.88e-07 6.46e-07
354  9587 70238 2.89e-07 3.3e-07 5.65e-07 7.08e-07
355  8211 1070 2.54e-07 2.49e-07 4.57e-07 5.61e-07
356  2294 18172 2.74e-07 3.1e-07 5.21e-07 5.82e-07
357  7660 68102 2.5e-07 3.05e-07 5.52e-07 8.55e-07
358  641 23738 2.03e-07 2.18e-07 5.14e-07 5.19e-07
359  6434 32380 2.72e-07 3.08e-07 5.65e-07 5.62e-07
360  7186 45140 3.1e-07 2.63e-07 5.15e-07 7.28e-07
361  7177 59681 2.72e-07 2.99e-07 5.12e-07 6.28e-07
362  5666 19212 3.65e-07 4.54e-07 5.28e-07 5.9e-07
363  7495 58398 2.9e-07 2.69e-07 5.59e-07 6.79e-07
364  9636 51462 2.92e-07 3.3e-07 4.1e-07 5.88e-07
365  1634 41787 2.87e-07 2.7e-07 5.63e-07 6.12e-07
366  792 1168 2.12e-07 2.28e-07 4.03e-07 4.05e-07
367  9577 33267 2.27e-07 2.45e-07 5.23e-07 4.99e-07
368  9421 2148 2.67e-07 2.83e-07 5.46e-07 5.3e-07
369  6713 67849 2.71e-07 3.07e-07 5.35e-07 6.53e-07
370  2997 449 2.45e-07 2.5e-07 4.83e-07 4.43e-07
371  1097 38025 2.54e-07 2.65e-07 4.99e-07 7.29e-07
372  4556 60242 2.5e-07 2.78e-07 5.3e-07 5.53e-07
373  2813 17512 2.48e-07 2.65e-07 4.3e-07 6.75e-07
374  495 22030 1.87e-07 1.98e-07 3.92e-07 3.99e-07
375  2426 71002 2.72e-07 2.63e-07 6.1e-07 7.06e-07
376  7670 78926 2.23e-07 2.57e-07 5.66e-07 6.68e-07
377  9716 18636 2.65e-07 3.08e-07 5.93e-07 4.96e-07
378  2266 33319 2.67e-07 3.07e-07 4.54e-07 3.89e-07
379  4961 76399 2.28e-07 2.54e-07 4.7e-07 6.62e-07
380  6790 15448 3.09e-07 3.49e-07 5.54e-07 5.79e-07
381  2566 3948 2.49e-07 2.81e-07 4.57e-07 4.32e-07
382  7817 67239 3.63e-07 4.03e-07 5.06e-07 5.79e-07
383  4297 42668 2.89e-07 2.69e-07 5.36e-07 5.46e-07
384  2441 25779 4.14e-07 5.45e-07 4.88e-07 5.95e-07
385  7323 61773 2.45e-07 2.74e-07 3.65e-07 5.08e-07
386  7011 2630 2.19e-07 2.78e-07 4.81e-07 5.37e-07
387  1809 28045 2.63e-07 3.07e-07 5.12e-07 5.26e-07
388  9335 75509 2.63e-07 2.98e-07 5.03e-07 6.39e-07
389  8923 50047 3.14e-07 3.85e-07 4.55e-07 5.61e-07
390  6027 15448 3.52e-07 4.1e-07 4.88e-07 7.04e-07
391  9668 51098 2.47e-07 2.78e-07 6.15e-07 5.62e-07
392  2029 74926 2.45e-07 2.74e-07 5.43e-07 5.7e-07
393  8111 62096 3.18e-07 3.56e-07 6.19e-07 5.79e-07
394  7672 33158 2.52e-07 2.72e-07 5.43e-07 5.93e-07
395  8355 16220 2.54e-07 2.81e-07 4.79e-07 4.79e-07
396  1824 16679 2.33e-07 2.47e-07 5.35e-07 5.93e-07
397  3122 48418 2.6e-07 2.79e-07 4.88e-07 5.19e-07
398  5221 40580 3.18e-07 3.3e-07 4.9e-07 5.95e-07
399  7958 56500 1.84e-07 1.99e-07 4.79e-07 4.9e-07
400  9507 7991 3.18e-07 3.4e-07 4.5e-07 5.22e-07
401  4180 75782 2.47e-07 2.79e-07 4.86e-07 6.5e-07
402  5858 7654 3.21e-07 3.43e-07 4.63e-07 5.21e-07
403  241 73494 2.24e-07 2.3e-07 4.95e-07 6.41e-07
404  3847 52578 2.31e-07 2.45e-07 5.1e-07 6.15e-07
405  6101 67092 2.13e-07 2.25e-07 5.46e-07 5.91e-07
406  2669 67784 3.14e-07 3.74e-07 5.43e-07 6.1e-07
407  4649 48789 2.34e-07 2.47e-07 5.03e-07 5.07e-07
408  7310 74314 2.36e-07 2.48e-07 5.3e-07 6.05e-07
409  1151 57343 3.56e-07 3.8e-07 5.35e-07 6.42e-07
410  6910 72575 2.36e-07 2.49e-07 5.43e-07 6.95e-07
411  9443 76078 2.76e-07 3e-07 5.59e-07 6.13e-07
412  1504 60123 2.76e-07 3.05e-07 5.41e-07 7.15e-07
413  9454 59562 2.34e-07 2.49e-07 5.19e-07 6.48e-07
414  2140 21970 2.09e-07 2.25e-07 4.48e-07 4.64e-07
415  5467 53451 2.58e-07 2.78e-07 6.57e-07 7.1e-07
416  3770 23918 2.54e-07 2.78e-07 4.01e-07 5.39e-07
417  320 23778 2.36e-07 2.56e-07 4.3e-07 6.37e-07
418  8872 56254 3.3e-07 3.68e-07 5.56e-07 6.6e-07
419  5899 1124 1.93e-07 2.03e-07 5.56e-07 6.12e-07
420  1883 44007 2.54e-07 2.18e-07 5.1e-07 5.81e-07
421  2592 63248 1.91e-07 1.98e-07 5.1e-07 6.73e-07
422  9927 9600 2.38e-07 2.52e-07 3.92e-07 6.26e-07
423  1408 77694 2.78e-07 3.27e-07 5.57e-07 7.28e-07
424  1079 29311 2.16e-07 2.18e-07 4.28e-07 5.08e-07
425  2216 14580 3.03e-07 3.58e-07 5.05e-07 6.15e-07
426  2064 31794 2.27e-07 2.47e-07 4.59e-07 5.26e-07
427  7802 14334 2.61e-07 2.78e-07 5.43e-07 5.25e-07
428  6380 21543 3.46e-07 4.92e-07 5.66e-07 6.57e-07
429  1373 15813 2.49e-07 2.76e-07 4.97e-07 5.41e-07
430  5745 59542 3.16e-07 3.88e-07 5.28e-07 6.12e-07
431  1244 39866 2.09e-07 2.21e-07 5.08e-07 6.01e-07
432  8644 21691 3.18e-07 2.89e-07 5.39e-07 7.15e-07
433  1299 1421 2.61e-07 2.83e-07 4.41e-07 4.24e-07
434  4285 915 2.32e-07 2.3e-07 4.08e-07 4.7e-07
435  1311 9970 3.1e-07 3.59e-07 5.05e-07 5.23e-07
436  277 53957 2.52e-07 2.16e-07 4.55e-07 5.37e-07
437  2878 76712 2.9e-07 3.6e-07 5.22e-07 6.66e-07
438  3303 8449 2.89e-07 3.29e-07 5.61e-07 6.39e-07
439  8518 33860 3.06e-07 3.59e-07 6.03e-07 6.06e-07
440  6846 32635 3.72e-07 4.29e-07 5.23e-07 6.55e-07
441  2371 42841 2.58e-07 2.76e-07 5.91e-07 5.37e-07
442  4550 25489 3.72e-07 3.96e-07 4.66e-07 5.5e-07
443  4637 59541 3.19e-07 2.9e-07 4.67e-07 5.72e-07
444  8506 17460 2.34e-07 2.5e-07 4.36e-07 5.01e-07
445  528 56936 1.88e-07 1.78e-07 3.28e-07 4.32e-07
446  3928 31008 2.61e-07 2.78e-07 4.92e-07 5.82e-07
447  5922 63656 2.72e-07 3.08e-07 5.59e-07 6.39e-07
448  5495 445 2.18e-07 2.29e-07 3.96e-07 4.72e-07
449  2243 50643 3.54e-07 4.1e-07 4.95e-07 5.55e-07
450  5499 50817 2.11e-07 2.21e-07 3.19e-07 3.45e-07
451  8106 12672 2.97e-07 3.3e-07 3.65e-07 5.86e-07
452  9616 37026 3.03e-07 3.32e-07 5.12e-07 6.17e-07
453  7058 71525 2.6e-07 2.69e-07 5.91e-07 7.15e-07
454  6349 50178 2.5e-07 2.76e-07 5.26e-07 7.62e-07
455  8380 66431 2.92e-07 3.3e-07 5.3e-07 6.22e-07
456  7387 57021 2.79e-07 3.08e-07 3.43e-07 4.08e-07
457  3184 33632 2.31e-07 2.48e-07 4.84e-07 5.61e-07
458  3080 69641 2.76e-07 3.07e-07 4.18e-07 5.25e-07
459  5024 15931 3.47e-07 3.96e-07 4.85e-07 6.28e-07
460  4909 54918 2.92e-07 3.3e-07 5.81e-07 5.99e-07
461  7994 50492 2.09e-07 2.25e-07 6.08e-07 5.57e-07
462  8403 9668 2.94e-07 3.32e-07 5.65e-07 6.48e-07
463  4644 58625 3.41e-07 4.16e-07 5.59e-07 6.86e-07
464  2215 65614 3.52e-07 3.41e-07 4.61e-07 6.46e-07
465  4756 57864 2.14e-07 1.71e-07 4.76e-07 6.22e-07
466  2598 56271 2.79e-07 3.34e-07 5.59e-07 5.37e-07
467  4568 61204 2.76e-07 3.01e-07 5.83e-07 5.92e-07
468  4924 63114 2.58e-07 2.77e-07 5.88e-07 7.17e-07
469  6211 25162 2.92e-07 3.27e-07 5.62e-07 5.68e-07
470  9358 44503 3e-07 3.26e-07 5.72e-07 5.54e-07
471  4467 19299 2.34e-07 2.47e-07 4.38e-07 4.57e-07
472  6419 24058 2.98e-07 3.28e-07 5.33e-07 5.83e-07
473  838 70423 1.81e-07 1.69e-07 4.18e-07 4.03e-07
474  7629 32494 2.57e-07 2.76e-07 5.19e-07 6.73e-07
475  3242 50384 2.94e-07 3.32e-07 4.9e-07 6.88e-07
476  2492 62417 2.32e-07 2.45e-07 5.28e-07 6.26e-07
477  4610 76533 3.29e-07 3.79e-07 5.52e-07 5.59e-07
478  5150 21412 3.01e-07 3.29e-07 4.43e-07 4.74e-07
479  6951 48589 2.52e-07 2.76e-07 5.55e-07 7.48e-07
480  7219 50814 2.76e-07 2.94e-07 5.9e-07 8.11e-07
481  6158 26651 2.34e-07 2.18e-07 4.7e-07 5.97e-07
482  5647 16988 2.34e-07 2.45e-07 5.35e-07 6.32e-07
483  4189 6772 3.57e-07 3.21e-07 4.95e-07 6.22e-07
484  3430 26972 2.45e-07 2.81e-07 5.54e-07 5.12e-07
485  2921 16588 3.23e-07 3.92e-07 4.3e-07 4.72e-07
486  6069 9917 3.3e-07 4.08e-07 5.14e-07 5.88e-07
487  1690 42584 2.38e-07 2.56e-07 4.7e-07 7.09e-07
488  7197 72013 2.25e-07 2.52e-07 5.95e-07 6.23e-07
489  4144 14064 2.52e-07 2.83e-07 5.14e-07 5.79e-07
490  548 5751 1.89e-07 2.05e-07 4.1e-07 4.35e-07
491  9521 15113 3.34e-07 4.21e-07 4.46e-07 6.45e-07
492  8621 51714 2.22e-07 2.79e-07 4.41e-07 5.95e-07
493  6093 43447 2.91e-07 3.14e-07 5.75e-07 6.88e-07
494  4463 33192 3.19e-07 3.65e-07 4.81e-07 5.79e-07
495  3293 63347 2.52e-07 2.8e-07 5.48e-07 7.84e-07
496  6908 38488 2.34e-07 2.58e-07 5.9e-07 5.97e-07
497  3657 77482 2.32e-07 2.5e-07 5.63e-07 5.51e-07
498  1256 1046 2.09e-07 2.05e-07 4.68e-07 4.99e-07
499  4203 21967 3.2e-07 3.61e-07 4.46e-07 5.14e-07
500  9324 2577 3.23e-07 3.65e-07 4.06e-07 4.21e-07
501  710 49079 2.09e-07 2.3e-07 5.1e-07 6.28e-07
502  5591 40832 2.76e-07 3.12e-07 5.32e-07 7.26e-07
503  37 29665 1.89e-07 2.02e-07 4.77e-07 5.28e-07
504  7087 27865 3e-07 3.34e-07 5.97e-07 6.28e-07
505  9772 40547 2.76e-07 3.14e-07 5.54e-07 7.17e-07
506  1566 11371 2.92e-07 3.6e-07 5.21e-07 5.44e-07
507  3911 4978 2.49e-07 2.81e-07 4.58e-07 5.28e-07
508  6659 33696 2.76e-07 3.1e-07 5.21e-07 7.67e-07
509  6114 39406 2.36e-07 2.51e-07 5.05e-07 6.44e-07
510  5205 43656 3.03e-07 3.32e-07 4.39e-07 5.46e-07
511  4962 54089 2.51e-07 2.81e-07 5.56e-07 6.81e-07
512  1016 79140 2.36e-07 2.58e-07 5.57e-07 6.52e-07
513  5745 24009 2.77e-07 3.1e-07 4.87e-07 5.53e-07
514  7543 5408 2.34e-07 2.52e-07 4.7e-07 7.39e-07
515  9116 74594 2.76e-07 3.05e-07 5.63e-07 7.08e-07
516  8151 50922 2.34e-07 2.51e-07 4.21e-07 5.62e-07
517  4416 3675 2.38e-07 2.6e-07 4e-07 5.41e-07
518  3305 55336 2.56e-07 2.82e-07 5.68e-07 5.77e-07
519  8687 27793 2.32e-07 2.52e-07 5.63e-07 6.46e-07
520  9713 60264 3.19e-07 3.59e-07 5.12e-07 6.52e-07
521  1262 20011 2.31e-07 2.52e-07 5.37e-07 4.86e-07
522  986 10390 2.34e-07 2.58e-07 4.69e-07 6.06e-07
523  2543 21110 2.52e-07 2.82e-07 5.17e-07 6.25e-07
524  6257 56609 2.74e-07 2.81e-07 5.08e-07 6.44e-07
525  9846 30973 2.96e-07 2.92e-07 5.06e-07 5.46e-07
526  1300 49658 2.1e-07 2.32e-07 5.26e-07 6.72e-07
527  4653 68798 2.34e-07 2.51e-07 6.15e-07 5.88e-07
528  4504 6217 2.92e-07 2.94e-07 4.86e-07 6.53e-07
529  5667 32177 2.79e-07 3.12e-07 4.83e-07 4.76e-07
530  2503 8368 2.92e-07 2.99e-07 4.87e-07 5.12e-07
531  1070 19612 1.91e-07 2.05e-07 4.99e-07 5.64e-07
532  5688 53639 2.97e-07 3.41e-07 5.95e-07 6.57e-07
533  5473 54238 2.36e-07 2.52e-07 5.25e-07 5.92e-07
534  2096 39823 1.8e-07 1.83e-07 4.28e-07 5.88e-07
535  1542 78565 2.07e-07 2.32e-07 5.86e-07 7.41e-07
536  5854 53566 2.58e-07 2.83e-07 5.24e-07 6.48e-07
537  3086 58112 2.77e-07 3.16e-07 5.88e-07 7.26e-07
538  7978 26759 2.76e-07 3.12e-07 5.52e-07 6.04e-07
539  5564 11236 2.09e-07 2.31e-07 5.55e-07 5.64e-07
540  7522 26128 2.54e-07 2.83e-07 5.03e-07 6.64e-07
541  7854 70023 2.36e-07 2.61e-07 3.38e-07 4.14e-07
542  1295 13662 2.94e-07 3.34e-07 5.39e-07 5.86e-07
543  2217 10973 3.03e-07 3.39e-07 4.68e-07 5.26e-07
544  3982 21212 2.61e-07 2.83e-07 4.19e-07 5.95e-07
545  3 31505 1.81e-07 1.76e-07 3.32e-07 5.19e-07
546  4825 53117 2.33e-07 2.52e-07 5.32e-07 7.28e-07
547  8217 8869 2.96e-07 2.76e-07 5.35e-07 6.57e-07
548  9796 40795 3.12e-07 3.58e-07 5.21e-07 6.64e-07
549  583 22119 2.5e-07 2.78e-07 4.41e-07 5.02e-07
550  1086 48333 2.28e-07 2.59e-07 4.06e-07 5.59e-07
551  3699 67094 3.01e-07 3.45e-07 4.19e-07 6.95e-07
552  6009 39258 2.56e-07 2.51e-07 4.85e-07 5.72e-07
553  4859 69050 2.5e-07 2.81e-07 4.43e-07 6.66e-07
554  4571 10818 2.49e-07 2.83e-07 4.81e-07 5.01e-07
555  378 18969 1.87e-07 2.05e-07 4.35e-07 4.48e-07
556  6910 8886 2.36e-07 2.54e-07 4.78e-07 6.23e-07
557  3072 79123 2.76e-07 3.03e-07 5.67e-07 8.22e-07
558  1816 34202 2.16e-07 2.31e-07 5.48e-07 6.39e-07
559  5083 25622 2.09e-07 2.25e-07 3.36e-07 4.48e-07
560  4253 36442 3.12e-07 3.54e-07 4.23e-07 5.74e-07
561  4441 4993 2.31e-07 2.3e-07 3.45e-07 5.14e-07
562  8317 57830 2.96e-07 2.99e-07 4.41e-07 7.39e-07
563  668 19508 2.31e-07 2.34e-07 5.01e-07 5.37e-07
564  8505 60164 2.76e-07 3.05e-07 5.14e-07 6.82e-07
565  2 65632 1.56e-07 1.25e-07 3.31e-07 4.41e-07
566  5535 45505 2.36e-07 2.47e-07 5.23e-07 5.19e-07
567  7610 33591 2.78e-07 3.28e-07 5.74e-07 6.82e-07
568  1564 64322 2.36e-07 2.5e-07 5.41e-07 6.77e-07
569  7687 37169 2.94e-07 3.37e-07 5.61e-07 6.7e-07
570  3969 69317 2.94e-07 3.3e-07 5.68e-07 5.99e-07
571  384 78476 2.34e-07 2.54e-07 4.37e-07 7.18e-07
572  8454 48325 3.52e-07 4.01e-07 6.61e-07 6.68e-07
573  162 3945 2.12e-07 2.18e-07 4.19e-07 4.01e-07
574  9826 70890 2.36e-07 2.5e-07 3.72e-07 4.79e-07
575  9305 24330 3.34e-07 3.78e-07 4.68e-07 4.82e-07
576  2488 53086 2.56e-07 2.49e-07 5.33e-07 7.22e-07
577  4234 20084 3.03e-07 3.3e-07 5.32e-07 5.22e-07
578  7481 26380 2.27e-07 2.47e-07 5.67e-07 6.75e-07
579  1073 32735 2.16e-07 2.18e-07 5.45e-07 5.57e-07
580  7232 64414 3.3e-07 3.19e-07 4.5e-07 7.6e-07
581  7734 1430 2.92e-07 3.14e-07 5.03e-07 4.65e-07
582  5855 54287 2.94e-07 3.36e-07 5.32e-07 7.39e-07
583  5388 17875 2.79e-07 3.01e-07 5.35e-07 6.81e-07
584  9969 7247 2.78e-07 3.1e-07 5.68e-07 5.79e-07
585  6790 16942 2.36e-07 2.56e-07 6.45e-07 5.97e-07
586  4376 77572 2.94e-07 3.45e-07 6.3e-07 6.48e-07
587  6974 57962 3.05e-07 3.32e-07 5.08e-07 6.64e-07
588  2788 76212 2.36e-07 2.5e-07 5.1e-07 5.77e-07
589  5257 14812 2.36e-07 2.54e-07 5.14e-07 4.18e-07
590  4538 57865 2.34e-07 2.45e-07 5.75e-07 6.42e-07
591  7770 77627 2.76e-07 3.05e-07 5.03e-07 7.46e-07
592  8306 51660 3.12e-07 2.65e-07 4.49e-07 6.34e-07
593  9988 45061 3.05e-07 3.52e-07 5.05e-07 6.37e-07
594  9063 40497 3.09e-07 2.76e-07 5.59e-07 5.33e-07
595  5009 34169 3.05e-07 3.56e-07 5.88e-07 5.97e-07
596  3214 62552 2.43e-07 2.6e-07 5.25e-07 5.88e-07
597  1218 21218 2.98e-07 3.57e-07 4.39e-07 5.5e-07
598  243 20206 2.43e-07 2.58e-07 4.86e-07 4.41e-07
599  9724 58642 3.05e-07 3.45e-07 5.81e-07 6.35e-07
600  1839 43722 2.94e-07 3.14e-07 5.25e-07 4.54e-07
601  7386 7211 2.18e-07 2.32e-07 5.08e-07 6.24e-07
602  5844 57393 3.88e-07 4.66e-07 4.03e-07 6.48e-07
603  123 70385 1.98e-07 2.03e-07 5.41e-07 6.73e-07
604  4731 13470 2.85e-07 3.16e-07 4.63e-07 4.41e-07
605  2324 23899 3.03e-07 3.45e-07 5.33e-07 6.57e-07
606  9942 10729 4.72e-07 5.86e-07 4.83e-07 5.21e-07
607  8452 5480 2.83e-07 2.81e-07 5.72e-07 6.19e-07
608  4255 22430 2.45e-07 2.54e-07 4.41e-07 5.37e-07
609  6192 26819 2.83e-07 3.14e-07 5.12e-07 6.41e-07
610  577 31531 3.1e-07 3.3e-07 5.55e-07 5.13e-07
611  1770 37422 1.98e-07 1.78e-07 5.36e-07 5.15e-07
612  6100 79782 3.09e-07 3.34e-07 5.51e-07 6.62e-07
613  5017 34116 2.16e-07 2.27e-07 5.61e-07 6.3e-07
614  1752 64123 2.18e-07 2.27e-07 5.21e-07 6.73e-07
615  8713 30635 3.05e-07 3.58e-07 5.85e-07 5.88e-07
616  3410 37928 2.01e-07 2.05e-07 4.45e-07 3.7e-07
617  885 52332 2.63e-07 2.85e-07 4.03e-07 4.87e-07
618  3693 52605 2.42e-07 2.51e-07 4.67e-07 5.3e-07
619  8965 35314 3.03e-07 2.98e-07 5.48e-07 6.1e-07
620  7468 14303 3.1e-07 3.34e-07 4.5e-07 4.77e-07
621  7692 40605 3.07e-07 3.05e-07 4.54e-07 5.01e-07
622  3541 63933 2.43e-07 2.49e-07 5.55e-07 6.86e-07
623  7815 70616 2.67e-07 2.81e-07 6.28e-07 6.26e-07
624  5660 79821 3.09e-07 3.32e-07 5.55e-07 6.59e-07
625  3271 18874 2.83e-07 3.12e-07 5.3e-07 5.43e-07
626  7364 61617 3.63e-07 4.24e-07 5.61e-07 6.27e-07
627  2185 11823 2.46e-07 2.63e-07 4.61e-07 5.12e-07
628  187 18130 2.2e-07 2.33e-07 3.86e-07 5.19e-07
629  885 47776 2.21e-07 2.37e-07 4.29e-07 6.24e-07
630  4099 25088 2.81e-07 3.11e-07 4.34e-07 7.04e-07
631  5531 13291 2.61e-07 2.91e-07 5.27e-07 4.99e-07
632  7853 2648 2.01e-07 1.87e-07 4.51e-07 5.69e-07
633  8920 44726 2.44e-07 2.61e-07 4.46e-07 7.26e-07
634  9582 11534 2.62e-07 2.91e-07 4.91e-07 6.21e-07
635  9969 24523 3.56e-07 3.68e-07 4.78e-07 4.75e-07
636  1331 42447 2.81e-07 3.08e-07 5.28e-07 5.29e-07
637  6617 50869 2.23e-07 2.41e-07 4.01e-07 4.29e-07
638  5960 31212 2.47e-07 2.66e-07 5.08e-07 6.11e-07
639  3746 62327 2.66e-07 2.88e-07 6.05e-07 6.47e-07
640  9516 42114 2.89e-07 3.17e-07 4.79e-07 5.87e-07
641  13 45578 1.46e-07 1.22e-07 3.1e-07 3.26e-07
642  4216 57496 3.17e-07 3.48e-07 5.31e-07 5.62e-07
643  341 68324 1.85e-07 1.9e-07 3.75e-07 3.49e-07
644  1557 69731 2.87e-07 3.28e-07 4.77e-07 5.74e-07
645  6343 44268 2.41e-07 2.58e-07 5.01e-07 6.01e-07
646  2981 17706 2.75e-07 2.71e-07 4.94e-07 5.85e-07
647  5322 44224 2.88e-07 3.11e-07 5.61e-07 6.49e-07
648  446 26376 1.8e-07 1.86e-07 3.79e-07 4.41e-07
649  3457 58802 1.98e-07 2.11e-07 5.11e-07 5.9e-07
650  4283 72184 2.89e-07 2.73e-07 5.09e-07 5.09e-07
651  9235 46942 2.48e-07 2.59e-07 5.67e-07 6.57e-07
652  3242 68452 2.66e-07 2.61e-07 5.03e-07 5.96e-07
653  1564 27399 2.28e-07 2.31e-07 4.79e-07 5.74e-07
654  1360 42490 1.88e-07 1.93e-07 3.81e-07 5.42e-07
655  1899 17085 1.88e-07 1.85e-07 4.06e-07 4.43e-07
656  4486 74121 2.48e-07 2.58e-07 4.68e-07 5.87e-07
657  9912 11528 2.09e-07 2.16e-07 4.75e-07 5.09e-07
658  6268 23259 3.47e-07 3.86e-07 4.67e-07 5.49e-07
659  4184 13631 2.88e-07 3.07e-07 5.21e-07 6.16e-07
660  3637 19147 3.39e-07 3.68e-07 4.96e-07 5.17e-07
661  5638 74199 2.83e-07 2.7e-07 5.13e-07 6.14e-07
662  4557 18652 2.71e-07 2.83e-07 4.13e-07 5.21e-07
663  7452 40402 3.06e-07 2.73e-07 4.33e-07 5.29e-07
664  7359 30567 2.3e-07 2.36e-07 4.69e-07 5.73e-07
665  7188 49329 2.71e-07 2.87e-07 4.33e-07 5.39e-07
666  5413 5723 2.48e-07 2.36e-07 5.07e-07 4.06e-07
667  9414 23771 3.44e-07 3.86e-07 5.33e-07 6.81e-07
668  3352 34081 2.05e-07 2.11e-07 4.63e-07 5.62e-07
669  8936 60229 3.4e-07 4.13e-07 4.51e-07 5.91e-07
670  8446 44091 2.25e-07 2.3e-07 5.15e-07 6.31e-07
671  7746 64369 3.41e-07 3.86e-07 4.93e-07 5.23e-07
672  4905 43172 2.28e-07 2.31e-07 4.13e-07 7.04e-07
673  2712 56218 3.4e-07 4.13e-07 4.99e-07 6.49e-07
674  8990 58945 3.09e-07 2.74e-07 4.51e-07 4.59e-07
675  76 45810 2.09e-07 2.13e-07 4.01e-07 5.11e-07
676  9580 14138 2.91e-07 3.15e-07 5.23e-07 4.96e-07
677  9245 18139 2.69e-07 2.84e-07 4.95e-07 7.06e-07
678  7753 61626 2.48e-07 2.58e-07 5.61e-07 6.38e-07
679  1296 44209 2.25e-07 2.1e-07 5.59e-07 5.84e-07
680  8685 60939 1.88e-07 1.85e-07 3.24e-07 3.6e-07
681  7832 1332 1.88e-07 1.88e-07 4.57e-07 4.79e-07
682  7064 29809 3.43e-07 3.53e-07 5.9e-07 6.03e-07
683  3831 44032 2.68e-07 2.86e-07 4.71e-07 6.46e-07
684  9301 59469 3.27e-07 3.53e-07 5.67e-07 5.24e-07
685  7287 26851 2.49e-07 2.58e-07 5.93e-07 5.61e-07
686  4681 21573 2.89e-07 3.06e-07 4.94e-07 5.03e-07
687  1756 28160 2.08e-07 2.13e-07 4.63e-07 5.44e-07
688  3768 53507 2.26e-07 2.32e-07 4.83e-07 6.57e-07
689  1837 17565 3.11e-07 3.31e-07 4.96e-07 5.83e-07
690  4600 40617 2.48e-07 2.6e-07 3.81e-07 5.94e-07
691  6463 13737 2.69e-07 2.83e-07 5.54e-07 5.79e-07
692  7629 6578 2.43e-07 2.91e-07 5.61e-07 5.31e-07
693  9394 70740 3.63e-07 4.03e-07 5.59e-07 6.53e-07
694  3482 73612 2.48e-07 2.6e-07 5.08e-07 6.11e-07
695  492 63591 1.83e-07 1.4e-07 1.95e-07 2.64e-07
696  1331 31682 2.26e-07 2.33e-07 4.58e-07 5.33e-07
697  8422 41212 3.21e-07 2.97e-07 5.86e-07 6.22e-07
698  7726 73222 2.67e-07 2.8e-07 6.36e-07 5.27e-07
699  9890 11770 2.27e-07 2.39e-07 4.11e-07 3.51e-07
700  6098 12698 2.89e-07 3.09e-07 5.74e-07 5.92e-07
701  5851 42639 2.67e-07 2.89e-07 4.94e-07 5.61e-07
702  4366 16231 3.21e-07 3.76e-07 4.49e-07 5.68e-07
703  2522 65407 2.45e-07 2.53e-07 5.79e-07 6.1e-07
704  4233 41567 3.59e-07 3.79e-07 4.28e-07 6.24e-07
705  1970 68580 2.08e-07 2.17e-07 4.51e-07 5.31e-07
706  6273 32738 3.25e-07 3.73e-07 4.97e-07 6.29e-07
707  4091 56938 3.11e-07 3.35e-07 4.14e-07 5.13e-07
708  4139 583 1.83e-07 1.71e-07 5.05e-07 4.19e-07
709  361 10715 2.26e-07 2.38e-07 4.05e-07 4.88e-07
710  6332 49017 2.86e-07 3.15e-07 5.29e-07 6.59e-07
711  3024 48745 2.87e-07 3.08e-07 5.15e-07 6.67e-07
712  1334 42424 2.28e-07 2.38e-07 4.89e-07 5.71e-07
713  7137 45384 2.28e-07 2.41e-07 2.88e-07 2.93e-07
714  5856 61591 2.65e-07 2.85e-07 3.96e-07 5.79e-07
715  7164 54726 3.06e-07 3.43e-07 5.25e-07 6.69e-07
716  6360 62166 2.88e-07 3.13e-07 4.89e-07 4.86e-07
717  4890 11756 3.09e-07 3.41e-07 4.69e-07 5.32e-07
718  1701 71360 2.66e-07 2.89e-07 5.39e-07 4.87e-07
719  9938 17719 3.23e-07 3.8e-07 4.35e-07 4.46e-07
720  2849 46525 2.06e-07 2.13e-07 4.88e-07 6.26e-07
721  5846 1500 2.46e-07 2.91e-07 5.13e-07 4.33e-07
722  339 55006 2.56e-07 2.65e-07 4.67e-07 5.38e-07
723  5181 21774 2.85e-07 2.9e-07 4.43e-07 5.11e-07
724  5580 72506 2.04e-07 2.12e-07 5.53e-07 6.02e-07
725  5337 49783 2.49e-07 2.6e-07 4.89e-07 5.52e-07
726  7474 73185 2.46e-07 2.63e-07 5.41e-07 6.05e-07
727  653 25415 2.87e-07 2.82e-07 5.29e-07 5.48e-07
728  885 74876 2.86e-07 2.83e-07 5.19e-07 5.68e-07
729  8946 37645 3.26e-07 3.87e-07 6.22e-07 5.89e-07
730  6973 14343 2.99e-07 3.31e-07 5.24e-07 4.33e-07
731  9773 33950 2.16e-07 2.3e-07 5.37e-07 6.19e-07
732  1282 12930 2.37e-07 2.61e-07 4.79e-07 5.66e-07
733  5136 24490 2.38e-07 2.6e-07 4.31e-07 6.42e-07
734  4231 72455 1.98e-07 2.1e-07 5.08e-07 6.25e-07
735  1074 3606 2.26e-07 2.31e-07 3.34e-07 3.98e-07
736  8060 31703 2.13e-07 2.34e-07 4.81e-07 6.74e-07
737  7282 21437 2.51e-07 2.81e-07 4.93e-07 6.11e-07
738  9016 29934 2.32e-07 2.61e-07 5.89e-07 5.54e-07
739  6115 62297 2.13e-07 2.33e-07 4.97e-07 5.54e-07
740  9084 25285 3.46e-07 4.63e-07 4.64e-07 5.68e-07
741  6506 63962 2.93e-07 3.36e-07 4.71e-07 5.69e-07
742  1969 16997 3.13e-07 3.64e-07 4.82e-07 5.18e-07
743  7523 20468 3.19e-07 3e-07 4.78e-07 4.26e-07
744  6027 46566 3.05e-07 3.34e-07 5.27e-07 5.86e-07
745  673 51534 2.85e-07 2.78e-07 4.67e-07 6.87e-07
746  4735 36874 2.95e-07 3e-07 4.81e-07 6.12e-07
747  7411 40612 2.4e-07 2.86e-07 5.19e-07 5.09e-07
748  7266 775 2.15e-07 2.64e-07 4.95e-07 5.59e-07
749  78 20484 2.23e-07 2.35e-07 3.91e-07 3.77e-07
750  9779 10506 2.99e-07 3.34e-07 5.49e-07 6.67e-07
751  9657 15403 3.39e-07 3.83e-07 4.78e-07 5.53e-07
752  231 12391 3.08e-07 3.33e-07 3.41e-07 4.63e-07
753  9474 32112 2.87e-07 3.11e-07 5.34e-07 5.82e-07
754  1557 29636 2.37e-07 2.59e-07 4.53e-07 5.04e-07
755  4920 47960 1.97e-07 2.11e-07 4.61e-07 4.74e-07
756  9197 29682 2.21e-07 2.36e-07 3.96e-07 3.78e-07
757  9356 39781 3.01e-07 3.31e-07 5.62e-07 6.57e-07
758  742 7689 2.13e-07 2.55e-07 4.2e-07 5.52e-07
759  6178 41747 2.58e-07 2.77e-07 4.09e-07 5.59e-07
760  4424 4752 1.81e-07 1.91e-07 4.85e-07 5.96e-07
761  1926 18359 2.58e-07 2.8e-07 4.64e-07 5.17e-07
762  9456 48350 2.64e-07 2.81e-07 4.43e-07 6.33e-07
763  6255 74625 2.61e-07 2.8e-07 4.67e-07 4.97e-07
764  4042 27268 3.16e-07 3.61e-07 5.56e-07 5.45e-07
765  9297 25549 2.41e-07 2.57e-07 5.44e-07 6.28e-07
766  723 22393 2.16e-07 2.33e-07 4.61e-07 5.23e-07
767  4894 63178 2.21e-07 2.33e-07 4.51e-07 5.79e-07
768  9127 27378 1.78e-07 1.83e-07 5.46e-07 5.27e-07
769  2358 43500 2.41e-07 2.58e-07 4.24e-07 5.14e-07
770  3192 12892 2.21e-07 2.33e-07 4.53e-07 5.39e-07
771  4561 78326 3.86e-07 4.63e-07 5.59e-07 5.55e-07
772  860 9771 2.56e-07 2.77e-07 4.34e-07 5.38e-07
773  5713 55644 2.98e-07 3.31e-07 4.71e-07 6.51e-07
774  1872 1549 2.16e-07 2.6e-07 4.03e-07 4.66e-07
775  529 54911 1.97e-07 2.11e-07 4.86e-07 5.06e-07
776  9821 77062 2.74e-07 3.33e-07 5.23e-07 5.54e-07
777  6535 14317 2.73e-07 2.72e-07 5.15e-07 5.27e-07
778  3950 35435 2.21e-07 2.35e-07 4.19e-07 4.86e-07
779  7076 77731 2.73e-07 2.74e-07 4.77e-07 5.33e-07
780  2359 70441 2.2e-07 1.87e-07 3.61e-07 5.19e-07
781  3969 66867 2.76e-07 2.73e-07 4.15e-07 5.18e-07
782  8562 30622 3.36e-07 3.51e-07 5.69e-07 5.86e-07
783  5115 14008 3.69e-07 4.03e-07 5.29e-07 5.34e-07
784  6468 31723 2.38e-07 2.6e-07 5.04e-07 5.46e-07
785  529 1403 1.93e-07 2.08e-07 2.42e-07 2.98e-07
786  5829 18553 2.33e-07 2.58e-07 4.46e-07 5.87e-07
787  3127 53580 2.36e-07 2.59e-07 5.32e-07 5.34e-07
788  85 37834 1.73e-07 1.83e-07 4.48e-07 4.77e-07
789  9371 28980 2.08e-07 2.58e-07 5.29e-07 5.32e-07
790  730 29809 1.94e-07 2.08e-07 4.59e-07 6.2e-07
791  9334 12075 2.1e-07 2.6e-07 5.58e-07 5.19e-07
792  4513 43550 2.91e-07 3.33e-07 4.31e-07 5.71e-07
793  905 72282 2.21e-07 2.33e-07 4.39e-07 5.54e-07
794  1893 18530 3.53e-07 4.03e-07 4.15e-07 4.61e-07
795  7534 28078 3.36e-07 3.65e-07 4.83e-07 5.74e-07
796  5431 76487 2.38e-07 2.58e-07 5.04e-07 5.31e-07
797  8414 4999 3.15e-07 3.14e-07 4.41e-07 4.66e-07
798  3602 31379 2.44e-07 2.58e-07 5.99e-07 5.39e-07
799  2759 51498 2.16e-07 2.58e-07 4.26e-07 5.26e-07
800  2080 26101 3.18e-07 3.33e-07 4.16e-07 6.29e-07
801  9730 74108 3.71e-07 3.54e-07 5.71e-07 5.95e-07
802  536 35825 2.38e-07 2.59e-07 4.76e-07 6.06e-07
803  5678 56174 3.18e-07 3.33e-07 5.08e-07 5.59e-07
804  2775 43300 2.36e-07 2.61e-07 3.58e-07 3.41e-07
805  4738 16238 2.08e-07 2.16e-07 3.31e-07 2.85e-07
806  7106 55434 2.91e-07 2.85e-07 5.17e-07 6.32e-07
807  6213 3175 2.25e-07 2.66e-07 4.71e-07 5.13e-07
808  2096 37901 2.48e-07 2.58e-07 5.53e-07 6.01e-07
809  1159 64358 2.89e-07 2.96e-07 4.56e-07 6.06e-07
810  6177 48664 2.65e-07 2.84e-07 4.23e-07 6.28e-07
811  9321 65402 2.65e-07 2.82e-07 4.76e-07 5.94e-07
812  3432 73771 2.22e-07 2.14e-07 5.87e-07 6.18e-07
813  6679 38649 3.05e-07 3.3e-07 5.53e-07 5.87e-07
814  1263 55799 2.86e-07 3.1e-07 4.73e-07 6.42e-07
815  8183 54641 2.47e-07 2.63e-07 5.23e-07 5.98e-07
816  4884 29439 2.47e-07 2.61e-07 4.19e-07 5.11e-07
817  2331 29749 2.65e-07 2.83e-07 4.85e-07 5.44e-07
818  2925 79630 2.48e-07 2.6e-07 4.78e-07 5.84e-07
819  7121 42118 2.88e-07 3.1e-07 3.91e-07 5.74e-07
820  4136 74271 3.23e-07 3.58e-07 5.75e-07 6.41e-07
821  1362 19234 2.29e-07 2.41e-07 4.91e-07 4.67e-07
822  7008 69865 2.63e-07 2.79e-07 5.27e-07 5.82e-07
823  5017 35077 2.46e-07 2.6e-07 6.06e-07 5.46e-07
824  6851 1060 2.46e-07 2.64e-07 4.74e-07 5.64e-07
825  4172 4196 1.88e-07 1.95e-07 3.69e-07 4.41e-07
826  7027 78261 2.46e-07 2.6e-07 5.11e-07 6.59e-07
827  5715 61266 3.09e-07 3.33e-07 4.38e-07 4.72e-07
828  1226 9583 3.08e-07 3.1e-07 3.95e-07 4.97e-07
829  9650 374 1.87e-07 1.9e-07 5.13e-07 4.21e-07
830  3989 76452 2.47e-07 2.61e-07 4.61e-07 6.09e-07
831  7991 33673 2.83e-07 2.73e-07 4.91e-07 5.43e-07
832  6822 6958 2.11e-07 2.15e-07 3.89e-07 4.89e-07
833  5371 74350 2.87e-07 2.85e-07 4.74e-07 5.45e-07
834  488 52540 2.27e-07 2.08e-07 4.56e-07 5.91e-07
835  7605 15908 2.86e-07 2.73e-07 5.41e-07 6.66e-07
836  5429 78019 2.3e-07 2.36e-07 3.57e-07 3.88e-07
837  8023 46100 2.88e-07 3.15e-07 5.39e-07 6.83e-07
838  8701 40746 2.86e-07 3.2e-07 5.41e-07 5.45e-07
839  2619 15647 2.27e-07 2.13e-07 5.16e-07 6.37e-07
840  1372 67002 2.07e-07 2.15e-07 4.79e-07 5.74e-07
841  9658 74726 2.88e-07 2.81e-07 5.78e-07 5.99e-07
842  1362 39026 2.94e-07 3.17e-07 4.61e-07 5.61e-07
843  1014 40488 1.88e-07 1.93e-07 4.67e-07 4.04e-07
844  1002 59101 2.08e-07 2.13e-07 5.36e-07 5.73e-07
845  8315 382 2.48e-07 2.66e-07 5.03e-07 5.84e-07
846  9575 79074 3.21e-07 3.63e-07 6.47e-07 6.27e-07
847  4942 47833 3.07e-07 3.13e-07 5.39e-07 6.07e-07
848  8784 63867 2.09e-07 2.1e-07 3.04e-07 3.41e-07
849  8302 59010 2.25e-07 2.34e-07 3.89e-07 5.01e-07
850  3883 78649 2.73e-07 2.73e-07 4.81e-07 5.92e-07
851  4974 32802 2.42e-07 2.58e-07 4.23e-07 5.04e-07
852  5952 13254 2.2e-07 1.87e-07 3.36e-07 4.61e-07
853  3907 47744 2.72e-07 2.76e-07 4.97e-07 6.8e-07
854  8193 63273 4.31e-07 5.43e-07 5.29e-07 5.17e-07
855  2361 79002 2.23e-07 2.36e-07 4.23e-07 4.99e-07
856  5475 49625 2.41e-07 2.33e-07 3.81e-07 4.26e-07
857  121 35537 2.38e-07 2.56e-07 4.89e-07 5.21e-07
858  9549 32913 2.2e-07 2.19e-07 4.73e-07 4.19e-07
859  1582 23651 1.95e-07 2.11e-07 4.95e-07 5.9e-07
860  3958 3277 2.17e-07 2.37e-07 4.37e-07 4.73e-07
861  6620 17150 2.81e-07 3.11e-07 4.49e-07 4.79e-07
862  7280 24478 2.73e-07 2.73e-07 4.94e-07 5.92e-07
863  2086 54773 2.59e-07 2.87e-07 5.06e-07 6.22e-07
864  1873 27164 2.61e-07 2.83e-07 4.11e-07 5.68e-07
865  6414 11141 2.73e-07 2.72e-07 4.51e-07 4.96e-07
866  7373 11895 3.13e-07 3.53e-07 5.31e-07 4.77e-07
867  7227 68870 2.81e-07 3.11e-07 5.58e-07 6.31e-07
868  6542 42844 3.56e-07 4.01e-07 4.31e-07 5.82e-07
869  1213 45540 3.13e-07 3.54e-07 5.51e-07 6.71e-07
870  8738 66396 2.8e-07 3.91e-07 5.85e-07 6.01e-07
871  6458 76391 2.73e-07 2.73e-07 4.93e-07 5.79e-07
872  6671 21462 2.83e-07 3.13e-07 3.96e-07 3.83e-07
873  2127 74257 2.58e-07 2.86e-07 4.53e-07 5.74e-07
874  951 74343 2.23e-07 2.33e-07 3.81e-07 4.91e-07
875  7848 32778 2.19e-07 2.35e-07 3.51e-07 3.56e-07
876  4685 25135 2.84e-07 3.14e-07 4.41e-07 5.11e-07
877  599 46361 2.58e-07 2.83e-07 4.91e-07 4.79e-07
878  7107 18106 2.73e-07 2.74e-07 5.01e-07 5.74e-07
879  8029 41153 2.2e-07 2.33e-07 4.04e-07 4.64e-07
880  4152 38110 2.64e-07 2.86e-07 4.39e-07 6.5e-07
881  5816 20669 2.83e-07 2.79e-07 4.24e-07 6.23e-07
882  6909 16236 2.01e-07 2.1e-07 4.44e-07 4.91e-07
883  8085 41545 2.2e-07 1.87e-07 3.17e-07 3.94e-07
884  5254 12542 2.75e-07 2.84e-07 5.14e-07 4.43e-07
885  9265 68391 3.5e-07 4.66e-07 3.67e-07 4.06e-07
886  2871 34820 2.18e-07 2.34e-07 4.09e-07 4.53e-07
887  8204 1348 2.19e-07 2.69e-07 5.93e-07 5.68e-07
888  4458 63099 2.2e-07 1.88e-07 4.48e-07 4.73e-07
889  7919 77048 2.81e-07 3.1e-07 4.78e-07 7.09e-07
890  5119 76708 2.21e-07 2.33e-07 4.51e-07 4.96e-07
891  2476 38256 2.61e-07 2.86e-07 4.64e-07 6.53e-07
892  2391 46144 2.81e-07 2.89e-07 4.94e-07 5.31e-07
893  2848 37846 2.8e-07 3.38e-07 4.51e-07 5.97e-07
894  5761 8944 3.77e-07 3.54e-07 4.74e-07 5.13e-07
895  9558 75912 2.41e-07 2.6e-07 4.76e-07 4.91e-07
896  6397 17682 2.52e-07 3.1e-07 4.34e-07 5.67e-07
897  3594 46645 2.55e-07 2.57e-07 4.85e-07 6.24e-07
898  572 9313 2.41e-07 2.61e-07 4.85e-07 5.97e-07
899  8915 59388 2.73e-07 2.73e-07 4.89e-07 5.63e-07
900  976 61664 2.01e-07 2.13e-07 4.91e-07 5.91e-07
901  9817 3988 1.8e-07 1.88e-07 4.89e-07 6.49e-07
902  6058 15754 2.41e-07 2.6e-07 5.26e-07 5.14e-07
903  5547 55960 2.38e-07 2.58e-07 4.19e-07 6.2e-07
904  508 941 2.58e-07 2.83e-07 4.11e-07 3.91e-07
905  8083 39489 3.47e-07 4.01e-07 5.29e-07 6.64e-07
906  311 49223 2.39e-07 2.59e-07 4.87e-07 6.41e-07
907  7589 2685 2.19e-07 2.35e-07 6.02e-07 6.16e-07
908  4713 48751 2.8e-07 3.13e-07 4.43e-07 5.74e-07
909  3279 79617 2.76e-07 2.73e-07 5.03e-07 4.49e-07
910  1312 5919 2.75e-07 3.11e-07 3.79e-07 5.32e-07
911  1464 71140 2.41e-07 2.6e-07 4.66e-07 6.21e-07
912  9288 75303 2.2e-07 2.35e-07 3.81e-07 4.85e-07
913  4252 40714 3.55e-07 4.03e-07 4.59e-07 5.51e-07
914  7816 12363 3.36e-07 3.53e-07 5.02e-07 4.99e-07
915  5685 9667 2.39e-07 2.57e-07 4.98e-07 5.25e-07
916  2423 51075 3.31e-07 3.53e-07 3.96e-07 5.45e-07
917  4796 73705 2.78e-07 3.07e-07 4.89e-07 6.44e-07
918  5679 2187 2.21e-07 2.39e-07 4.11e-07 3.69e-07
919  2232 48877 2.38e-07 2.59e-07 4.99e-07 5.45e-07
920  4888 69062 2.44e-07 2.61e-07 4.99e-07 5.77e-07
921  3972 63972 1.98e-07 2.08e-07 4.43e-07 5.13e-07
922  3032 69306 2.42e-07 2.6e-07 4.68e-07 5.61e-07
923  58 53650 1.52e-07 1.18e-07 2.35e-07 3.13e-07
924  1997 73579 2.61e-07 2.8e-07 4.86e-07 6.2e-07
925  9298 78947 2.38e-07 2.58e-07 4.85e-07 5.39e-07
926  6174 15184 2.77e-07 3.6e-07 5.46e-07 5.15e-07
927  4255 6294 2.15e-07 2.65e-07 4.73e-07 4.65e-07
928  7978 74260 2.81e-07 3.36e-07 4.65e-07 5.13e-07
929  6400 78299 2.75e-07 3.31e-07 4.91e-07 7.17e-07
930  1672 50305 2.58e-07 2.85e-07 4.77e-07 6.49e-07
931  6742 63844 2.81e-07 3.11e-07 5.49e-07 4.79e-07
932  9745 21620 2.77e-07 2.73e-07 4.62e-07 4.43e-07
933  5812 71403 2.38e-07 2.59e-07 5.01e-07 6.53e-07
934  2959 56798 2.37e-07 2.58e-07 5.16e-07 6.82e-07
935  3768 10130 2.77e-07 2.74e-07 4.81e-07 5.23e-07
936  517 48646 2.4e-07 2.85e-07 3.69e-07 5.81e-07
937  6282 67338 2.76e-07 2.75e-07 4.36e-07 5.01e-07
938  378 27149 2.78e-07 3.11e-07 4.44e-07 4.95e-07
939  3451 59203 3.11e-07 3.54e-07 4.89e-07 7.02e-07
940  757 60644 1.76e-07 1.61e-07 3.57e-07 5.25e-07
941  7843 66615 2.17e-07 2.32e-07 4.99e-07 6.41e-07
942  5668 14625 2.76e-07 2.73e-07 3.44e-07 3.75e-07
943  4550 69511 2.63e-07 2.85e-07 4.21e-07 5.14e-07
944  604 23112 2.2e-07 2.35e-07 4.81e-07 5.92e-07
945  1595 78703 2.39e-07 2.57e-07 5.31e-07 6.17e-07
946  6272 58969 2.21e-07 2.33e-07 6.24e-07 7.64e-07
947  9609 77991 2.75e-07 2.74e-07 4.76e-07 5.79e-07
948  952 69680 1.98e-07 2.11e-07 4.31e-07 6.18e-07
949  3596 70787 2.41e-07 2.58e-07 5.01e-07 6.09e-07
950  5622 12867 2.62e-07 2.87e-07 4.31e-07 4.47e-07
951  3916 75531 2.81e-07 3.1e-07 5.22e-07 6.92e-07
952  6182 41409 3.11e-07 3.53e-07 4.89e-07 5.49e-07
953  2924 49050 2.61e-07 2.86e-07 4.09e-07 5.61e-07
954  8697 70246 2.37e-07 2.58e-07 5.46e-07 6.78e-07
955  14 55675 1.88e-07 2.06e-07 4.03e-07 5.49e-07
956  202 52792 2.19e-07 2.34e-07 4.11e-07 4.81e-07
957  8542 13107 2.73e-07 2.8e-07 5.33e-07 5.69e-07
958  1033 1588 2.78e-07 2.88e-07 3.84e-07 4.09e-07
959  593 59498 1.79e-07 1.82e-07 4.27e-07 6.07e-07
960  7279 36816 2.94e-07 3.19e-07 4.97e-07 5.95e-07
961  7150 64507 2.54e-07 2.85e-07 5.56e-07 4.73e-07
962  1603 7136 2.05e-07 2.63e-07 4.29e-07 5.23e-07
963  644 62764 2.13e-07 2.34e-07 5.04e-07 5.76e-07
964  4336 18279 2.81e-07 3.11e-07 5.37e-07 6.56e-07
965  7547 9683 2.14e-07 2.59e-07 4.93e-07 5.48e-07
966  2683 37661 1.97e-07 2.11e-07 5.11e-07 6.39e-07
967  8255 42245 2.4e-07 2.86e-07 4.06e-07 4.63e-07
968  4897 34472 2.57e-07 2.83e-07 5.25e-07 5.34e-07
969  7583 34017 2.18e-07 2.3e-07 6.17e-07 5.29e-07
970  8633 22742 3.51e-07 4.38e-07 4.61e-07 6.17e-07
971  4125 58802 2.57e-07 2.84e-07 5.51e-07 6.86e-07
972  7612 1566 2.24e-07 2.4e-07 4.45e-07 5.26e-07
973  5784 46146 2.21e-07 2.33e-07 4.63e-07 5.43e-07
974  7917 40917 2.41e-07 2.6e-07 4.18e-07 4.95e-07
975  2439 11049 2.64e-07 2.86e-07 4.25e-07 3.66e-07
976  9645 67039 2.78e-07 3.1e-07 5.37e-07 6.44e-07
977  8745 59908 2.81e-07 3.08e-07 4.67e-07 5.94e-07
978  7426 41247 2.37e-07 2.58e-07 5.79e-07 6.64e-07
979  4883 37381 2.9e-07 3.58e-07 4.93e-07 6.17e-07
980  4707 79416 2.5e-07 2.63e-07 4.51e-07 4.71e-07
981  2798 57063 2.68e-07 2.9e-07 5.34e-07 6.16e-07
982  6049 35474 2.83e-07 3.28e-07 4.93e-07 5.72e-07
983  8413 2536 2.68e-07 2.89e-07 4.46e-07 5.77e-07
984  4388 13797 2.79e-07 2.73e-07 5.49e-07 5.43e-07
985  5618 14663 3.21e-07 3.54e-07 5.42e-07 5.37e-07
986  5750 75831 2.08e-07 2.11e-07 4.36e-07 3.83e-07
987  2935 15268 2.61e-07 2.85e-07 4.56e-07 4.99e-07
988  4568 31763 2.6e-07 2.83e-07 4.59e-07 6.04e-07
989  4164 550 1.81e-07 1.88e-07 4.03e-07 4.11e-07
990  6175 70253 3.08e-07 3.54e-07 5.27e-07 5.88e-07
991  8758 36803 2.58e-07 2.83e-07 5.51e-07 5.94e-07
992  6193 70350 3.5e-07 3.63e-07 4.91e-07 6.23e-07
993  8147 34660 3.11e-07 3.53e-07 4.78e-07 4.84e-07
994  7969 25771 2.92e-07 3e-07 4.58e-07 5.67e-07
995  5380 57512 2.81e-07 3.09e-07 5.08e-07 5.06e-07
996  6537 22301 2.38e-07 2.58e-07 4.85e-07 5.16e-07
997  1144 11847 2.2e-07 2.36e-07 2.8e-07 3.51e-07
998  1387 20273 2.63e-07 2.83e-07 3.68e-07 3.53e-07
999  5689 47720 3.31e-07 3.78e-07 4.51e-07 4.43e-07
1000  6630 17327 4.76e-07 5.17e-07 4.69e-07 5.01e-07
